NA	0.278695	0.120955	0.201466	0.350523	0.28091	0.109356	0.109356	0.293933	0.382989	0.257789	0.293927	0.252447	0.146224	0.109356	0.347213	0.063033	0.354002	0.34868	0.178207
0.350035	NA	0.481159	0.197746	0.48582	0.401973	0.381437	0.373092	0.304063	0.312474	0.307005	0.333946	0.26954	0.365931	0.269672	0.251392	0.354489	0.286408	0.262753	0.163663
0.298759	0.400568	NA	0.153417	0.40101	0.32794	0.233014	0.216304	0.186829	0.264643	0.215164	0.271334	0.220601	0.151588	0.226795	0.250382	0.373997	0.240108	0.225242	0.065892
0.346668	0.382295	0.283912	NA	0.440588	0.39463	0.345625	0.290806	0.355912	0.376248	0.363723	0.258087	0.219018	0.286982	0.228359	0.258616	0.407858	0.308025	0.272154	0.353957
0.371486	0.372088	0.327298	0.225781	NA	0.388373	0.414704	0.267352	0.242075	0.278881	0.275677	0.263374	0.199634	0.605126	0.245106	0.296398	0.347387	0.275258	0.258882	0.246956
0.272314	0.304605	0.259579	0.140528	0.367679	NA	0.278519	0.208755	0.207888	0.279974	0.244311	0.193658	0.225021	0.271577	0.139119	0.190223	0.208146	0.165726	0.18289	0.237914
0.252107	0.347633	0.286707	0.251663	0.395567	0.392236	NA	0.201799	0.251338	0.2913	0.240701	0.24756	0.177648	0.265192	0.193149	0.232373	0.230614	0.207394	0.242831	0.123032
0.259998	0.260994	0.200227	0.204974	0.306192	0.286784	0.189561	NA	0.32847	0.262439	0.276675	0.234672	0.188281	0.163656	0.255014	0.215266	0.181287	0.213022	0.21766	0.086194
0.375364	0.380484	0.290067	0.187689	0.526221	0.42198	0.257788	0.501402	NA	0.371423	0.402913	0.338303	0.350388	0.209863	0.361502	0.36786	0.335251	0.384366	0.386009	0.118531
0.378864	0.416372	0.359776	0.214845	0.502708	0.420762	0.338267	0.067797	0.416437	NA	0.395193	0.387711	0.342679	0.5037	0.46696	0.397182	0.60296	0.354599	0.348806	0.160074
0.262356	0.348033	0.200162	0.1781	0.465067	0.365343	0.221188	0.14241	0.249072	0.308912	NA	0.242361	0.262813	0.305337	0.200162	0.356204	0.230738	0.276788	0.227378	0.078474
0.200879	0.241101	0.195627	0.129784	0.433775	0.229359	0.065991	0.120426	0.224687	0.277083	0.24494	NA	0.308861	0.067797	0.115695	0.23712	0.196796	0.213526	0.252865	0.062534
0.320761	0.341271	0.398649	0.238359	0.580542	0.520668	0.362525	0.352002	0.250655	0.382583	0.341466	0.431118	NA	0.327766	0.434857	0.299265	0.415551	0.332883	0.325256	0.169353
0.363793	0.330936	0.435559	0.084835	0.370411	0.215987	0.543659	0.391546	0.270257	0.370807	0.27357	0.125543	0.133179	NA	0.553643	0.522369	0.575336	0.35917	0.289233	0.633339
0.34961	0.19477	0.230106	0.139198	0.31515	0.158219	0.174706	0.047269	0.19427	0.180745	0.211937	0.122136	0.112661	0.278956	NA	0.415528	0.496829	0.329785	0.312002	0.071215
0.365855	0.215668	0.195029	0.150625	0.342247	0.19833	0.196445	0.111302	0.199444	0.248856	0.280372	0.19373	0.168388	0.362252	0.322198	NA	0.295903	0.331767	0.284724	0.180081
0.3373	0.277365	0.479488	0.17381	0.362542	0.233685	0.104766	0.346447	0.151387	0.244952	0.222947	0.169488	0.161367	0.57041	0.539528	0.28992	NA	0.205189	0.194068	0.311023
0.199308	0.179571	0.506676	0.131611	0.267435	0.092932	0.194028	0.057658	0.057625	0.18239	0.240177	0.123067	0.086303	0.371347	0.301952	0.316804	0.377937	NA	0.319226	0.439851
0.150321	0.173225	NA	0.147733	0.36057	0.287286	0.12961	0.086033	0.177066	0.285488	0.194709	0.264443	0.173772	0.392041	NA	0.302478	NA	0.341013	NA	0.303028
0.147014	0.091559	0.01671	0.066471	0.063313	0.194504	NA	NA	0.070013	0.061129	0.226663	0.103701	0.054616	0.109805	NA	0.218168	0.109805	0.382067	0.279658	NA
C	S	T	P	A	G	N	D	E	Q	H	R	K	M	I	L	V	F	Y	W

# EX from Yampolsky & Stoltzfus; diagonal values are "NA", missing values are "NA"