NA	0.086154	0.008675	0.040066	0.106329	0.06089	NA	NA	0.129094	0.11742	0.078408	0.114561	0.074762	0.079032	NA	0.107379	0.035251	0.065138	0.080462	NA
0.07534	NA	0.250061	0.019025	0.08645	0.037864	0.101697	0.105396	0.070246	0.059173	0.057433	0.042405	0.0754	0.103652	0.071402	0.045902	0.092563	0.056295	0.055683	0.07534
0.076774	0.055723	NA	0.025823	0.067363	0.048615	0.068313	0.101323	0.03757	0.071528	0.036755	0.050629	0.054657	0.018041	0.043658	0.045903	0.110648	0.044512	0.03504	0.076774
0.073557	0.061445	0.039834	NA	0.070406	0.082107	0.045071	0.021666	0.037844	0.042809	0.037455	0.030667	0.089391	0.165207	0.126305	0.04321	0.096142	0.062692	0.060497	0.073557
0.101876	0.064422	0.130094	0.030625	NA	0.049887	0.295503	0.09959	0.057764	0.056455	0.040751	0.132665	0.02659	0.208349	NA	0.048	0.111261	0.061025	0.01268	0.101876
0.049966	0.040638	0.033091	0.025074	0.052081	NA	0.065391	0.061146	0.042301	0.051205	0.052945	0.030767	0.052715	0.058608	0.053921	0.028888	0.046725	0.029713	0.021261	0.049966
0.079741	0.041231	0.090403	0.041518	0.062546	0.05723	NA	0.027323	0.058211	0.057932	0.029266	0.056557	0.037734	0.117434	0.064368	0.030774	0.077189	0.049381	0.024309	0.079741
0.068769	0.058666	0.060857	0.031993	0.06478	0.06229	0.017873	NA	0.050878	0.056787	0.043222	0.067409	0.041916	0.051628	0.13852	0.020525	0.018758	0.05237	0.022986	0.068769
0.136227	0.072153	0.153829	0.037929	0.069227	0.057473	0.141312	0.207245	NA	0.097309	0.09092	0.115235	0.090044	0.054177	0.292044	0.099119	0.087756	0.131795	0.101185	0.136227
0.106558	0.084285	0.106774	0.046727	0.097033	0.064025	0.158396	0	0.066084	NA	0.047355	0.046413	0.063164	0.232501	0.178791	0.051485	0.247831	0.072305	0.088684	0.106558
0.115277	0.10006	0.080477	0.050507	0.094551	0.10283	0.073247	0.072667	0.085185	0.087681	NA	0.06498	0.08555	0.189532	0.080477	0.080026	0.139465	0.072505	0.062233	0.115277
0.052132	0.040428	0.051042	0.025981	0.144758	0.034749	0.025321	0.103224	0.04874	0.052417	0.042706	NA	0.074475	0	0.08257	0.035133	0.056638	0.058154	0.057353	0.052132
0.07886	0.043232	0.10571	0.025589	0.136397	0.108895	0.106087	0.207656	0.042346	0.077357	0.053571	0.079123	NA	0.107175	0.083036	0.058795	0.178906	0.055914	0.053611	0.07886
0.135001	0.099748	0.226026	0.073747	0.062342	0.041523	0.185691	0.047363	0.133234	0.087641	0.105429	0.027091	0.052905	NA	0.1056	0.089945	0.175945	0.114222	0.131831	0.135001
0.10533	0.032222	0.042933	0.014287	0.057043	0.032378	0.033081	0.014666	0.033071	0.039826	0.045387	0.030196	0.028034	0.060382	NA	0.06375	0.104059	0.044541	0.102575	0.10533
0.142342	0.040628	0.084522	0.025196	0.045607	0.036149	0.052013	0.026247	0.044131	0.03627	0.050009	0.046368	0.10213	0.179721	0.055503	NA	0.057703	0.062397	0.061069	0.142342
0.111559	0.033883	0.142467	0.034901	0.036512	0.032202	0.015496	0.13335	0.055024	0.067797	0.033403	0.037248	0.078867	0.256233	0.115477	0.032227	NA	0.029802	0.075076	0.111559
0.064275	0.030635	0.149223	0.06979	0.030868	0.038561	0.176608	0.018985	0.010559	0.094352	0.056538	0.035071	0.061988	0.197292	0.101954	0.064371	0.110174	NA	0.047831	0.064275
0.030928	0.027014	NA	0.045683	0.091356	0.098876	0.065338	0.044047	0.038519	0.203383	0.029534	0.08951	0.045082	NA	NA	0.072933	NA	0.078447	NA	0.030928
0.066684	0.033592	NA	0.033111	0.038246	0.097583	NA	NA	0.042136	0.036712	0.026565	0.042162	0.032159	NA	NA	0.062675	NA	0.250261	0.067273	0.066684
C	S	T	P	A	G	N	D	E	Q	H	R	K	M	I	L	V	F	Y	W

# EX uncertainty values (from bootstrap) from Yampolsky & Stoltzfus; diagonal values are "NA", missing values are "NA"