6.10																		
5.50	5.00																	
5.60	5.80	3.10																
5.00	7.50	7.10	8.50															
5.60	3.70	4.60	4.50	7.90														
5.40	5.00	4.30	2.40	8.50	3.60													
4.70	6.30	4.90	5.10	7.30	6.40	5.80												
6.30	4.30	4.10	4.90	6.60	3.90	5.10	6.90											
6.10	7.90	8.10	9.20	6.50	7.30	8.20	9.60	7.60										
6.70	7.70	8.40	9.50	6.90	7.00	8.40	9.90	7.20	2.50									
5.70	2.40	4.40	4.90	8.20	3.60	4.10	6.40	4.70	7.60	7.70								
6.10	7.10	7.50	8.50	6.50	6.30	7.50	8.80	6.80	2.70	2.40	6.80							
7.90	8.80	8.50	10.00	6.00	8.10	9.60	10.70	5.30	4.40	3.20	8.90	4.00						
4.90	6.30	6.30	6.30	8.40	5.50	6.00	7.00	6.30	7.90	7.50	6.10	7.70	9.10					
4.20	5.50	4.40	4.90	5.20	5.20	5.20	4.90	5.60	7.10	7.50	5.30	6.70	7.90	4.80				
4.60	5.60	4.90	5.50	5.90	5.40	5.50	6.30	5.80	5.60	6.40	5.20	5.70	7.50	5.20	3.90			
9.40	6.90	9.30	10.80	6.20	8.10	10.00	9.40	6.30	7.60	6.20	8.90	6.60	2.30	10.50	8.70	9.00		
7.90	7.30	6.70	8.10	5.70	7.10	8.30	9.60	2.80	6.30	5.40	7.70	5.80	0.00	8.70	7.20	7.40	1.70	
5.20	7.50	7.50	8.20	5.50	7.00	7.40	8.40	7.40	2.10	3.40	7.20	3.50	5.20	7.20	6.30	5.10	8.20	6.70
Ala	Arg	Asn	Asp	Cys	Gln	Glu	Gly	His	Ile	Leu	Lys	Met	Phe	Pro	Ser	Thr	Trp	Tyr

max-pam250