2.920												
1.780	2.040											
2.370	2.340	0.650										
1.390	3.060	2.830	3.480									
1.920	1.130	0.990	1.470	2.480								
2.460	1.450	0.850	0.900	3.260	0.840							
0.910	3.580	1.960	2.370	2.220	2.480	2.780						
2.170	0.820	1.290	1.720	2.560	0.320	0.960	2.780					
2.690	2.490	3.370	3.980	1.630	2.570	3.390	3.600	2.450				
2.760	2.620	3.490	4.100	1.650	2.700	3.530	3.670	2.590	0.140			
2.960	0.400	1.840	2.050	3.270	1.060	1.140	3.540	0.790	2.840	2.980		
2.420	2.290	3.080	3.690	1.460	2.300	3.130	3.340	2.190	0.290	0.410	2.630	
3.230	2.470	3.700	4.270	2.240	2.810	3.590	4.140	2.630	0.610	0.630	2.850	0.820
0.060	2.900	1.800	2.400	1.330	1.920	2.480	0.970	2.150	2.620	2.700	2.940	2.360	3.170					
0.510	2.740	1.310	1.870	1.840	1.650	2.060	0.850	1.940	2.950	3.040	2.710	2.670	3.450	0.560				
0.900	2.030	1.400	2.050	1.450	1.120	1.830	1.700	1.320	2.140	2.250	2.100	1.860	2.600	0.870	0.890			
4.230	2.720	4.390	4.880	3.340	3.420	4.080	5.130	3.160	1.720	1.730	3.110	1.890	1.110	4.170	4.380	3.500		
3.180	2.020	3.420	3.950	2.380	2.480	3.220	4.080	2.270	0.860	0.940	2.420	0.930	0.480	3.120	3.330	2.450	1.060	
1.850	2.430	2.760	3.400	0.860	2.130	2.970	2.760	2.110	0.850	0.910	2.700	0.620	1.430	1.790	2.150	1.420	2.510	1.520
Ala	Arg	Asn	Asp	Cys	Gln	Glu	Gly	His	Ile	Leu	Lys	Met	Phe	Pro	Ser	Thr	Trp	Tyr

miyata, again