1.132																		
1.414	1.344																	
1.260	1.267	1.762																
1.525	1.101	1.152	1.015															
1.376	1.605	1.649	1.502	1.233														
1.238	1.508	1.695	1.678	1.059	1.698													
1.675	0.995	1.365	1.260	1.297	1.233	1.163												
1.310	1.705	1.555	1.430	1.214	1.879	1.659	1.163											
1.184	1.231	1.037	0.921	1.456	1.212	1.033	0.991	1.241										
1.168	1.200	1.013	0.899	1.450	1.182	1.005	0.978	1.207	1.946									
1.123	1.850	1.397	1.341	1.057	1.627	1.601	1.003	1.715	1.150	1.119								
1.248	1.280	1.097	0.974	1.505	1.277	1.087	1.043	1.305	1.890	1.846	1.198							
1.066	1.236	0.972	0.870	1.292	1.156	0.993	0.892	1.198	1.776	1.769	1.148	1.705						
1.977	1.136	1.408	1.253	1.543	1.376	1.233	1.655	1.315	1.200	1.182	1.128	1.263	1.078					
1.811	1.172	1.549	1.389	1.397	1.450	1.339	1.695	1.370	1.125	1.106	1.179	1.188	1.021	1.793				
1.678	1.346	1.522	1.341	1.508	1.608	1.400	1.436	1.546	1.318	1.290	1.328	1.392	1.205	1.688	1.681			
0.877	1.177	0.850	0.773	1.043	1.027	0.903	0.736	1.080	1.430	1.427	1.091	1.384	1.611	0.887	0.852	1.011		
1.076	1.349	1.027	0.926	1.258	1.233	1.068	0.903	1.285	1.691	1.665	1.248	1.668	1.821	1.089	1.045	1.241	1.627	
1.394	1.245	1.168	1.031	1.691	1.320	1.121	1.168	1.326	1.695	1.675	1.182	1.772	1.513	1.411	1.315	1.516	1.226	1.487
Ala	Arg	Asn	Asp	Cys	Gln	Glu	Gly	His	Ile	Leu	Lys	Met	Phe	Pro	Ser	Thr	Trp	Tyr

miyata_a=2_b=1.dat: Miyata converted by new = 2*exp(-1*old/max)																		
